202111260      INF246         4      202301      11       1   202111260INF246     
202111260      MEC289         3      202202      15       1   202111260MEC289     
202111397      FIS220       3.5      202202       6       2     1.5
202111397      MEC270       3.5      202202      19       2     1.5
202113223      MEC270       3.5      202202      16       1   202113223MEC270     
202114285      MEC289         3      202301      19       1   202114285MEC289     
202114739      MAT241         4      202202      15       1   202114739MAT241     
202114739      MEC206         3      202302      20       1   202114739MEC206     
202115400      FIS220       3.5      202201      15       1   202115400FIS220     
202115802      INF263       4.5      202301      18       1   202115802INF263     
202115802      MEC206         3      202201      16       2       1
202115802      MEC289         3      202201      20       1   202115802MEC289     
202116038      INF246         4      202202      11       1   202116038INF246     
202116038      MAT241         4      202201      20       1   202116038MAT241     
202116963      FIS220       3.5      202302      20       1   202116963FIS220     
202116963      MEC206         3      202301      14       1   202116963MEC206     
202116963      MEC289         3      202302      20       1   202116963MEC289     
202119153      FIS220       3.5      202201      15       1   202119153FIS220     
202119153      MEC270       3.5      202201      16       1   202119153MEC270     
202119707      INF246         4      202302      17       3       1
202119707      MEC289         3      202202       7       1   202119707MEC289     
202119958      INF246         4      202201      17       1   202119958INF246     
202119958      MAT241         4      202302      17       1   202119958MAT241     
202119958      MEC270       3.5      202202      19       1   202119958MEC270     
202121791      MAT241         4      202202      16       1   202121791MAT241     
202122742      FIS220       3.5      202301      17       1   202122742FIS220     
202123373      INF246         4      202202       7       1   202123373INF246     
202123402      INF246         4      202202      16       2     1.5
202123703      INF263       4.5      202302       9       2     1.5
202123703      MAT241         4      202202      13       1   202123703MAT241     
202123703      MEC270       3.5      202302      14       1   202123703MEC270     
202125607      FIS220       3.5      202202      14       1   202125607FIS220     
202125607      MEC206         3      202201      19       1   202125607MEC206     
202125775      FIS220       3.5      202202      19       2     1.5
202125775      MEC206         3      202201      18       1   202125775MEC206     
202125775      MEC270       3.5      202301      20       1   202125775MEC270     
202126490      MEC206         3      202302      11       1   202126490MEC206     
202127344      INF263       4.5      202202      16       1   202127344INF263     
202127344      MEC270       3.5      202201      14       3       1
202127660      INF263       4.5      202302      12       1   202127660INF263     
202129719      FIS220       3.5      202201      16       1   202129719FIS220     
202129719      INF246         4      202201      16       1   202129719INF246     
202129719      MEC270       3.5      202202      15       2     1.5
202129735      FIS220       3.5      202201      19       1   202129735FIS220     
202129735      INF263       4.5      202302      16       1   202129735INF263     
202129735      MEC289         3      202201      13       1   202129735MEC289     
202129785      MAT241         4      202201      12       1   202129785MAT241     
202211325      INF263       4.5      202302      19       2     1.5
202211325      MAT241         4      202201      11       1   202211325MAT241     
202213745      INF246         4      202201      12       1   202213745INF246     
202214204      INF246         4      202302      16       2     1.5
202214204      MEC289         3      202202      20       2       1
202214712      INF246         4      202302      12       1   202214712INF246     
202214712      MAT241         4      202202      19       1   202214712MAT241     
202215067      MEC206         3      202201      18       1   202215067MEC206     
202215067      MEC289         3      202202      11       1   202215067MEC289     
202215494      FIS220       3.5      202302      14       1   202215494FIS220     
202215494      MEC206         3      202301      19       2       1
202215494      MEC270       3.5      202201      16       3       1
202216453      MAT241         4      202301      11       3       1
202216453      MEC206         3      202201      10       2       1
202216453      MEC270       3.5      202201      16       1   202216453MEC270     
202217030      INF263       4.5      202302      18       1   202217030INF263     
202219437      MEC270       3.5      202202       8       1   202219437MEC270     
202219437      MEC289         3      202302      17       2       1
202219773      INF246         4      202302      18       1   202219773INF246     
202219773      MAT241         4      202202      13       1   202219773MAT241     
202222447      INF263       4.5      202302      17       1   202222447INF263     
202223508      FIS220       3.5      202302       8       1   202223508FIS220     
202223508      MEC206         3      202202      15       2       1
202224569      FIS220       3.5      202302      17       1   202224569FIS220     
202224569      INF263       4.5      202201      13       1   202224569INF263     
202224569      MEC206         3      202202      14       1   202224569MEC206     
202224569      MEC270       3.5      202301      20       1   202224569MEC270     
202224918      INF246         4      202202      13       1   202224918INF246     
202224918      MAT241         4      202201      12       1   202224918MAT241     
202225778      INF246         4      202301      19       1   202225778INF246     
202225778      MAT241         4      202301      12       1   202225778MAT241     
202225778      MEC270       3.5      202201      16       1   202225778MEC270     
202226249      MEC270       3.5      202202      20       1   202226249MEC270     
202226249      MEC289         3      202201      15       1   202226249MEC289     
202226929      FIS220       3.5      202301      13       1   202226929FIS220     
202226929      MEC270       3.5      202301      15       2     1.5
202227316      MEC289         3      202202      12       3     0.5
202311247      MAT241         4      202302      15       1   202311247MAT241     
202311247      MEC270       3.5      202302      19       1   202311247MEC270     
202311748      FIS220       3.5      202302       5       1   202311748FIS220     
202311748      INF246         4      202302      18       1   202311748INF246     
202312000      FIS220       3.5      202201       7       1   202312000FIS220     
202312000      MEC206         3      202301       8       1   202312000MEC206     
202312000      MEC289         3      202302      18       2       1
202312050      INF263       4.5      202301       5       1   202312050INF263     
202312050      MAT241         4      202302      10       3       1
202312050      MEC206         3      202301      17       1   202312050MEC206     
202312360      FIS220       3.5      202301      14       1   202312360FIS220     
202312360      INF246         4      202301      12       3       1
202312360      MEC270       3.5      202301      14       1   202312360MEC270     
202312360      MEC289         3      202202      19       1   202312360MEC289     
202312501      MEC206         3      202302      16       1   202312501MEC206     
202312501      MEC270       3.5      202201      13       1   202312501MEC270     
202313065      INF263       4.5      202202      16       1   202313065INF263     
202313122      MAT241         4      202201      11       1   202313122MAT241     
202313122      MEC206         3      202202      18       1   202313122MEC206     
202313122      MEC289         3      202201      11       3     0.5
202313249      FIS220       3.5      202302      17       3       1
202313249      INF246         4      202201      11       3       1
202313249      MAT241         4      202202       9       1   202313249MAT241     
202313754      INF246         4      202201      20       2     1.5
202313754      MEC270       3.5      202202       5       1   202313754MEC270     
202314919      FIS220       3.5      202301      20       1   202314919FIS220     
202314919      MAT241         4      202202      18       2     1.5
202315318      INF246         4      202302      17       1   202315318INF246     
202315318      MAT241         4      202201      17       1   202315318MAT241     
202315527      INF246         4      202301       7       1   202315527INF246     
202315527      INF263       4.5      202302      11       1   202315527INF263     
202315643      INF246         4      202201      17       1   202315643INF246     
202315643      MEC270       3.5      202202      13       1   202315643MEC270     
202315724      INF246         4      202202      17       1   202315724INF246     
202315724      MAT241         4      202202      12       1   202315724MAT241     
202315724      MEC270       3.5      202202       5       1   202315724MEC270     
202315763      MAT241         4      202202      20       1   202315763MAT241     
202316015      FIS220       3.5      202202      13       1   202316015FIS220     
202316015      INF246         4      202301      18       1   202316015INF246     
202318072      INF263       4.5      202302      14       1   202318072INF263     
202318318      INF246         4      202301      12       1   202318318INF246     
202318318      INF263       4.5      202201      17       1   202318318INF263     
202318320      FIS220       3.5      202202      11       1   202318320FIS220     
202318320      INF263       4.5      202301      20       2     1.5
202318320      MAT241         4      202302      19       1   202318320MAT241     
202318320      MEC289         3      202302      16       2       1
202318383      INF246         4      202202      16       2     1.5
202318383      INF263       4.5      202201      12       1   202318383INF263     
202319103      FIS220       3.5      202302      17       1   202319103FIS220     
202319103      INF246         4      202202       7       1   202319103INF246     
202319103      INF263       4.5      202202      13       1   202319103INF263     
202319103      MAT241         4      202301      16       1   202319103MAT241     
202319927      MAT241         4      202301      20       1   202319927MAT241     
